camera_matrix:
- - 662.5513186663112
  - 0.0
  - 317.62148390043035
- - 0.0
  - 662.4944130019588
  - 240.6645436651018
- - 0.0
  - 0.0
  - 1.0
dist_coeff:
- - 0.016315305744337278
  - 0.5110921705206746
  - -0.0009181443549226509
  - -0.0029329287149789016
  - -1.5653633666457383
